[credit.bmp]
moddate=043fc343fd65d001
width=800
height=450
text=1;235;113;1,14.01.04.002       Khan Md. Hasib&#010;&#010;2.14.01.04.004       Riashad Haque Shovi&#010; &#010;3.14.01.04.025       Saima Ashraf;Arial;0.243193,0.339556,0.055556,0.000000;v1,4278913844,4278190080,128.000000,1.000000,0.250000,1.000000,700,2,49152;;
textactive=1
